"2160690470"
