"2040250527"
