"0031660050"
