"0031710210"
