"0030620150"
