"0030720015"
