"0030430325"
