"2110540078"
