"2120020669"
