"2120070181"
