"2121151743"
