"0031680550"
