"2150230009"
