"2150710130"
