"2150150310"
