"2151060415"
