"2150150160"
