"2210120135"
