"2030260182"
