"2141870150"
