"2040571470"
