"0050260280"
