"0031490120"
