"2030830800"
