"0054480170"
