"0054490455"
