"0054590405"
