"2150470450"
