"2151050150"
