"2031830085"
