"2151680290"
