"2151460335"
