"0050950070"
