"2041570030"
