"2110370074"
