"2120101050"
