"0052490260"
