"0052280595"
