"0052940200"
