"0052150200"
