"0051010150"
