"0030180100"
