"2140400631"
