"2140400080"
