"0050350170"
