"2141490060"
