"2140560323"
