"2141470030"
