"2140520495"
